188
1949 20
2883 41367 99686 18968 7767 29512 98832 63589 46254 5658 82966 52845 77607 75188 21318 1416 24096 99572 71256 96757
1105 19
81432 24010 58548 63454 90457 47258 10472 78451 97524 75455 46187 22025 94034 45712 22222 82336 35276 89740 45742
5845 17
90038 3521 93562 41347 8076 55953 60337 73472 80895 37128 27031 47640 2749 427 67884 16532 2551
1851 19
71754 90832 24372 18328 2958 85434 19732 75646 93418 26999 70893 94077 70104 29689 42784 79332 98532 62449 47864
9487 19
54543 72923 24335 98040 35812 76083 32950 62805 75389 9282 26750 30970 64606 75819 42850 52169 6038 32426 32525
3454 18
61351 31384 84783 79703 4898 65362 52330 55062 7321 34871 32422 65309 9148 68136 98346 65778 19304 65984
6370 19
25601 33734 40362 60385 32566 84683 88380 43840 34253 93870 93433 46583 18097 3501 37690 94898 48312 91160 32239
3846 18
76291 2396 46483 63839 75070 4354 67435 76649 32416 82743 62066 66810 93944 46091 71346 3956 22221 21906
5337 18
25542 91595 89116 39789 34927 21581 24497 64465 62762 64741 672 35646 73977 89207 44852 83241 85424 78638
3523 19
22389 49092 40136 14623 66494 55861 69437 61656 56113 63837 83589 85122 34807 46939 6594 92911 82484 89143 39469
3015 19
4840 45619 56574 32227 44696 57506 34244 50932 61320 12014 94206 55366 59103 60802 62459 10788 84758 45093 18432
6871 19
42836 31515 66013 74615 75548 12282 59306 74736 47629 40071 39044 59246 599 80127 87851 67662 36149 16615 13601
6008 19
24401 65795 43410 84551 60417 5250 29348 79165 14507 29920 49132 96729 36282 80558 11410 34879 45867 34661 54791
1420 18
76512 72371 20791 84686 27803 39276 88102 46426 80524 1597 74425 24206 26410 11526 82035 18028 89894 28783
7015 17
47361 39311 92183 95814 4993 54186 59319 80565 26101 99265 33156 38623 44443 53688 25739 35906 94552
6474 18
87526 41712 89223 60152 80600 8797 41476 49145 35697 36087 43052 31819 3333 95287 32375 69757 38755 28006
1478 19
11030 70272 16091 29280 94114 21990 31959 81910 29736 59763 16541 94760 88154 44076 3165 40915 56764 99281 89956
5036 19
35359 18083 39903 40914 45519 58639 13524 13644 77929 46328 9900 85664 579 30645 53126 92696 29604 39032 52674
5747 19
29847 22476 76982 6244 49244 31431 5477 4551 73983 28043 55061 10681 4922 89643 17337 61271 58762 65590 84961
4401 16
91057 89240 66987 176 92631 53624 10694 40054 8449 55517 2498 96546 13369 90009 12535 27963
3340 17
76201 33191 54815 96673 77225 8177 66710 31484 7453 82696 45755 46621 37866 23964 64382 34884 1489
1537 19
42729 61374 83836 17099 69114 12074 74527 48693 91907 2729 6451 72268 97801 37321 54007 33275 86409 87307 77438
4388 16
66454 91380 12450 5537 65184 84944 34052 36024 1073 59041 12154 81015 46182 57524 34992 50184
9582 19
72460 49047 75325 84645 80930 18295 57117 65333 15781 25539 72058 68781 76051 62732 79771 82593 38096 26027 71517
5280 19
85492 23202 43188 33324 40099 82615 25926 40635 61687 18672 79446 74762 85419 24160 54599 20382 7245 59088 13124
6141 17
94993 50634 53885 57400 13895 15322 75205 14509 75195 48360 88688 38641 91077 82967 11291 17779 38111
5673 18
7076 91309 13898 88499 89370 22702 22496 30761 81990 5547 61293 67506 15124 14906 40491 68993 82515 31897
8884 17
63572 94654 55880 11645 36919 59177 42053 90230 82713 6991 67226 12151 3550 96767 26684 22326 20310
5724 18
13122 53478 3319 43701 8025 21401 16663 72830 19536 83428 91251 93722 4331 12844 63547 64761 24578 9003
9861 18
22986 83404 31736 35112 21458 91849 73315 80881 91812 41947 67306 27791 39962 781 96143 48795 57890 48099
8301 19
33035 79257 94550 59243 44378 86813 25209 80421 42833 60520 79564 23887 77553 68204 91618 77403 93091 8668 56580
5608 19
77270 27604 31023 72801 83487 66487 77010 80523 55890 91541 5011 80381 47547 95222 81161 77152 88551 19034 25460
6258 19
18166 40405 39742 79538 52036 4743 78186 18399 89297 49500 91261 64880 99517 1626 2681 61990 86338 6905 56382
9011 19
84182 59915 31352 18690 21777 92274 36209 21190 22287 91445 28280 97859 24903 71955 93635 68078 41392 81030 66746
9717 19
24005 89528 49619 34430 31011 85268 54700 36358 8818 17131 10492 53060 71094 80175 83029 17668 80746 31613 87353
9937 19
65351 19533 93171 16797 67641 93406 33274 80087 80626 86547 73695 23664 32255 66338 55483 64210 8300 71638 27017
6464 17
19163 8972 51166 7421 42093 73781 78557 7568 84763 73743 71231 49221 88610 42483 70117 37271 58880
6263 19
51412 55536 55235 87009 6514 63022 60147 83442 94082 65865 37903 80246 17914 84977 6859 78035 29130 28689 79926
9800 19
29458 87909 37308 97820 4382 21735 72219 39110 83343 16573 29173 62670 42314 50977 84088 72334 65584 27170 62235
661 19
46618 41272 32402 87312 15297 44823 83190 9112 66405 77606 5110 48941 15973 26557 49350 25973 31489 55860 86001
3092 18
52667 28130 85027 43220 30153 41758 68998 97590 76547 61478 77378 52121 45266 27169 30594 31908 18211 56358
2830 19
81508 62515 74125 3571 73779 85802 2816 22923 24754 17347 2023 65030 93477 52506 50999 69904 11521 66058 43765
9806 19
27565 3034 45685 23799 25166 90405 7833 66792 75753 48636 91531 32539 51194 66069 63040 5999 49240 26491 5897
7412 19
33927 31548 68343 86753 80424 5212 75750 69932 34867 59333 33887 9474 45165 94954 43542 13706 52651 55422 17176
9029 18
15282 67865 8174 21238 67385 15325 73968 90513 93249 54927 86492 15784 63312 76134 87109 26710 16128 14741
9998 18
73064 93052 64416 78073 23867 32067 17066 34701 7541 39237 63916 14081 97190 31316 53242 865 85931 7193
8385 18
62862 69228 99595 47878 8231 44086 22621 42303 12131 75733 10972 88746 74830 42967 41505 98942 48764 50374
7040 19
68762 52031 51633 12011 40241 81695 36601 61395 26840 20104 40704 15896 10448 6429 80914 19113 95228 9114 18632
4513 19
5672 11304 40848 38189 4090 47890 38479 88072 71928 48415 63081 38979 60048 28662 49050 85018 60769 22984 77628
2195 19
13602 53185 21788 67749 31905 62410 21469 34559 9115 18650 89775 79516 59308 11111 85567 462 25329 30283 64341
9980 18
27823 18809 7725 54620 65687 75845 90109 71117 26187 65284 64647 13131 678 62181 95073 93626 76719 29629
9536 15
38237 2979 96880 86746 95844 37821 47966 40451 43091 23190 7034 98834 96470 78845 80553
8408 18
4098 23569 3312 23584 35896 27938 47632 63077 82975 22006 69966 40222 16222 5279 9756 13455 31076 46750
7219 16
10232 10771 80035 8046 83244 79025 65577 56374 30095 6933 99905 52610 61498 81402 46688 76261
6185 18
64503 26521 13777 50605 4259 47875 53631 39140 94908 92901 10957 88182 1550 81670 43886 49168 75533 85140
7072 18
3659 90714 72820 96718 17708 23931 26289 95521 39286 95736 96889 14344 60880 52746 80706 28666 73842 97556
860 19
77123 3974 17683 38587 15935 38013 75781 35691 69340 69766 87905 57249 92083 92223 61696 73643 55020 27588 27050
415 19
38207 81386 35379 32142 61405 23893 20048 4159 54775 33165 51182 48942 16613 51525 35870 5888 31832 89686 14555
7330 18
82553 1405 46124 36096 93978 62727 67048 99326 7272 64336 73596 49032 98435 50827 2640 43214 62179 1190
55 19
44334 12794 95128 30930 37240 88825 68662 88101 52714 54182 13647 26334 30150 86566 34149 2172 79878 2612 49673
9221 18
70487 93774 90500 52725 67088 88738 76388 84026 19985 86722 29873 26344 24514 8245 25306 57012 83297 74554
4206 18
55755 20205 51832 4095 50700 13065 37183 29475 60437 19469 45825 46055 77600 26379 77130 21535 18792 72813
1764 18
48550 20779 65781 47404 54107 56758 14379 65649 44025 12587 64281 21325 14640 12597 56196 77315 56985 11406
4024 18
74750 25713 47185 70994 67415 97843 88984 96867 56000 56147 40333 71113 7872 85138 71537 74278 67597 62073
3364 19
26865 4523 18219 44704 40354 14553 65692 22334 29613 57623 9061 75871 43230 12458 12337 263 36527 89773 16241
9870 19
95460 59381 42155 98810 91285 27792 7031 84963 40288 35036 68752 49916 34399 65133 99838 26958 10416 34553 35560
3205 19
69207 48744 56958 89005 30243 78036 42953 54008 72304 40700 34194 809 67438 82634 76807 20758 96931 71591 84068
6236 19
88550 72514 37495 67257 89336 74537 6736 49075 31748 26472 95663 43916 85494 46152 21997 23755 71100 89011 97316
5371 19
27757 44981 70107 62941 92326 59805 13317 30254 92824 6973 19200 16987 64207 148 49611 17832 76146 88714 36848
5917 19
95004 8769 49539 78933 80670 22198 44745 61071 26981 27251 43678 65539 61491 27465 67427 62847 10382 75324 84627
2929 16
44911 136 35499 46862 21993 30469 27023 43243 70385 91547 81535 38703 54481 87204 58328 38518
1590 19
16264 23648 2134 22519 8255 2770 39080 27041 75650 94592 74549 44930 91546 80717 9828 90864 67334 42873 83061
7218 19
53763 58235 19101 7404 41014 67526 10604 9385 32922 68180 91340 45458 75619 49821 51664 46565 17868 88476 21624
1418 19
76713 37168 41546 49730 40677 84881 76551 55364 70987 20226 80455 26719 45974 56241 5959 16675 56066 36158 48647
6991 17
39427 94663 27179 1984 36109 71212 8839 40849 27383 74367 81265 43937 25107 99384 18473 49014 64979
4139 18
42697 37278 56378 29502 31040 15677 81556 31160 58217 30583 88407 66706 4532 49140 17427 22546 98735 54109
1962 18
84765 44428 73818 96098 30483 2502 89879 78135 69742 68175 51671 10878 29826 82765 73637 96281 62671 58664
2935 18
13418 29005 63695 94414 37879 68413 84668 91478 34047 14544 89387 37916 44126 1992 34906 7784 79361 75105
2253 19
41436 15369 92577 15113 89202 96855 225 40755 73192 37203 43078 77523 71521 16297 89178 16480 55119 97419 47500
7565 19
21285 39239 44811 49021 67040 97554 79409 42040 51471 30536 44112 68552 82167 4510 54205 13824 60315 51835 16786
7172 18
23852 62986 92473 89081 89040 97797 40229 83274 51444 83642 52949 4404 41440 13732 49714 22234 23146 94673
7197 18
35493 57825 37221 60373 70548 85002 47711 22905 17486 32052 57881 40527 33752 79354 50884 9789 45087 29183
2005 17
21358 17246 31161 70907 77068 94316 19293 65171 36257 26904 84815 94802 85118 57394 95397 97916 78552
1946 18
37602 39379 61933 93984 70491 6934 34940 26043 16007 18216 43211 45740 72024 81283 94057 59859 5055 70889
3333 17
15281 80563 8836 46745 13790 60774 85361 58261 82607 3656 67485 50040 70240 11737 62736 30503 82161
7379 18
46248 72558 25986 74311 84463 38833 53916 71526 43682 94394 65146 56832 89009 17893 26967 84904 48062 76988
9836 19
85288 64956 32683 15151 54368 93608 34747 37094 84746 78858 86374 49563 92220 63244 65991 79991 46523 10156 32046
4482 19
93118 44312 67305 57388 54183 97425 50173 24692 10365 44967 83502 90221 44553 49467 89503 78570 61732 89662 81854
5073 18
48921 40888 45208 73007 36875 92389 68016 46035 30100 1651 86595 70780 1600 54000 21584 41490 17662 10573
7833 19
76171 75439 96292 77924 25955 6455 81100 13413 17284 951 28263 28929 65603 13335 15040 27970 55296 80729 82706
1928 19
9633 98559 71220 50666 99276 71206 91387 78401 7612 16058 37082 2137 30272 56262 13849 97196 29389 35298 28227
1465 19
82355 81711 19036 52286 90912 45149 78843 29361 7543 6159 44199 30721 18009 33539 10613 71796 96 74811 38758
6718 19
38427 1672 48788 22505 45002 14462 25050 65227 84004 5870 90174 21013 46024 86973 11486 6306 49208 73545 90812
1766 18
12421 75696 79777 74387 93776 61094 72289 53596 50775 77826 6660 75892 81273 52409 554 24458 13224 67168
9951 19
59129 77165 75166 6896 83863 51430 98805 50730 64155 79279 44718 30746 99083 30497 93979 50703 49895 23612 29724
3026 19
2743 22250 59567 34292 33065 77824 9895 95428 46120 5173 26360 28839 55319 54088 96927 6166 91727 77345 95553
1959 19
6488 26841 30904 2558 30360 58849 65440 92586 37814 15504 37462 80465 8816 22070 26926 79779 78377 40740 66986
1721 17
75648 6368 66601 92021 1328 97360 12706 45900 12941 26762 9681 96680 49144 1271 29998 13436 979
3731 19
87672 93284 70974 52799 28041 45520 36417 62527 52515 75582 28301 37336 94814 53788 11752 14429 42765 95452 59457
8472 19
42883 46723 27105 96632 74540 96439 15709 99210 47754 37818 52642 71149 78122 28863 88166 31206 87231 40905 1120
6497 18
80411 80218 58460 96622 791 59139 33968 39819 4320 10431 91704 84139 25232 54968 45431 39310 41187 91970
6020 18
5209 46814 7074 38747 95225 141 38495 16329 77779 95373 20367 65581 55774 35028 37584 6235 67998 38092
8750 17
88161 83312 44610 7264 51553 87766 58401 74777 34853 56668 9468 92134 22364 31847 62683 49185 32270
264 19
25941 58244 19188 92154 33829 51971 73181 69178 99607 43906 49444 68055 99300 49927 32309 26064 59053 12083 22244
8924 19
18916 35280 74346 82408 12031 60589 35164 3317 11531 96539 43711 19112 94983 39946 70709 75238 63884 37607 4045
7389 17
24479 50251 52922 28797 7893 55750 57523 6141 18996 73191 43180 77292 23459 8061 19237 65733 88532
5272 16
14946 37339 52185 50995 18631 54677 6228 83652 37519 8396 82744 37152 49264 38740 79790 26000
7164 19
22616 92743 51927 1665 51026 4667 43695 59655 32675 46932 16300 1126 15824 11034 11250 11969 93598 89788 26683
9535 19
48480 95388 64372 10660 847 37307 10276 79826 54056 36856 68240 70220 85320 97596 76331 61221 75980 34928 34938
5621 18
3209 59919 12746 78307 94534 60026 32620 91081 27127 19098 45934 14822 56717 52140 28194 7845 4633 80098
2611 18
42207 52184 72537 2252 70329 29626 2013 20784 30014 97483 85641 35787 55573 46689 57813 29310 20379 71017
4006 19
55852 95141 54398 35677 27982 70040 51192 20336 14125 66990 11214 94250 29579 16659 69553 48413 26469 43253 73549
8871 19
33317 59423 22043 12814 44006 93051 1221 75716 1029 77712 3231 54889 11833 37707 22656 14111 54623 12315 21236
8384 19
37923 76168 71023 81966 90223 27699 54344 84313 89482 67804 79781 24067 4986 15212 67329 45614 34713 84933 69826
7599 18
15490 44570 65680 6450 15969 85363 25754 14510 55343 79840 15740 82086 13673 55396 80113 87924 94218 65522
2596 17
62448 8770 81132 85984 99463 61967 39432 99555 76435 27542 77235 7317 34838 55132 27348 92388 89768
1071 19
15724 54740 6887 51129 72878 63642 95206 95444 69803 37300 93264 32627 40591 71649 18563 6476 58381 16958 95131
966 16
64648 6750 15370 53320 18952 40690 65968 52294 42312 61905 99123 74347 54415 68523 74040 59592
2631 19
91910 95646 49839 86463 63405 41551 27196 72613 51443 72913 28844 39248 46628 98470 11334 48846 92325 30747 53154
4214 19
86503 35921 7574 51351 9893 88932 73820 90447 60102 51564 12852 74644 53206 54352 4888 4781 45593 89105 76415
7036 18
33302 10536 52796 64340 27587 98363 24344 77928 87980 66089 4065 35127 91868 85373 51907 6661 68699 36210
1428 18
93846 24353 68625 31269 20040 28211 42416 61667 96522 27125 29116 94906 48620 11065 86181 89187 61659 19174
3099 19
24562 70504 23576 95897 45758 61304 80302 70860 33907 19156 91092 11896 540 13117 70395 75284 67095 98898 73481
7793 18
71042 76578 76605 72487 72328 32793 94310 73878 64014 31285 32914 74441 45180 58735 20711 19140 18067 85846
1593 18
38417 33602 44802 30296 65573 69558 89278 63710 74253 62739 38052 86587 86340 67650 33870 87730 62871 41604
7815 18
35113 21168 79735 5927 90067 29279 82861 6691 43089 83165 65395 47844 13176 48124 99502 56576 9755 90719
3629 19
5300 93128 6044 70113 72472 5750 16242 51851 99147 66715 789 88364 64501 68531 4753 44889 12758 24513 26714
1215 18
74238 72157 31267 78323 93761 87296 3191 67496 32697 66450 92420 72463 51428 4878 11905 38005 76553 28288
6506 19
69738 38531 30919 50555 36989 29415 77282 72108 14102 7474 87712 83010 3310 28152 15720 88699 63696 33649 24116
9359 18
13330 68912 16230 73996 27446 64099 81348 82061 72169 34050 76616 35104 50397 3917 89808 25878 8847 1087
2802 19
25769 8801 72496 99840 22263 24226 82962 32041 35866 96771 16711 36731 12886 23499 50305 9668 45811 99134 84309
854 19
41186 78498 70000 30572 41059 20317 22817 81781 99670 68050 92231 38894 5310 59377 46127 95779 24645 59064 59807
1542 19
2698 37154 50781 35572 20852 25437 86246 57961 41041 43483 48422 91068 47800 53326 32276 46442 74937 23501 88883
6832 18
39171 18282 91032 25371 17907 86543 26356 935 80719 20256 25364 44438 65767 72490 59365 96968 22132 83082
8806 18
39730 15056 38700 26433 22017 68367 58071 4637 37049 40312 62452 53684 75719 78327 72171 4935 16845 29987
6727 18
3037 33345 46683 62815 33423 35650 89985 27475 71129 99493 99419 20419 169 9975 9678 53500 751 89031
9583 18
81479 30952 42148 982 27934 25138 70184 66941 98534 84306 91996 22618 11881 38361 65819 96922 69681 3971
8728 18
87702 32405 10134 56671 35881 72584 65433 69082 47730 73194 50050 74978 35203 71936 74374 33260 15654 18116
7339 19
56101 95078 99861 77692 47960 29228 29480 53848 18156 32093 37395 50903 2107 27500 28568 43162 78398 72783 5671
1340 17
26338 79385 83278 46563 2184 11220 30989 29399 9369 18235 42587 7179 7227 2239 70815 56105 66307
974 19
8501 59834 81788 59541 50200 81697 18023 29246 75170 18860 34577 44538 36841 50584 90806 52218 52876 5647 95871
1725 18
83255 19198 96309 64105 23399 37583 72812 83499 73196 58216 51028 47814 47773 21222 98779 20639 75688 11418
5971 18
29132 37400 22971 74513 30555 22135 70249 83747 26586 17058 38344 29902 33269 48281 59170 66882 36326 46878
7223 19
27721 59305 67807 8314 70266 70059 18879 10849 20730 99790 15989 52320 27130 95218 89055 83700 34182 23151 60703
5057 17
27485 10394 69573 56288 98302 37004 56493 26128 27927 35107 92737 37723 30101 54671 20724 91836 51615
6134 19
14464 93362 59575 20223 28511 46847 21341 16441 84770 17304 15983 72197 88845 53746 3 83989 54442 15130 58272
2383 18
49004 10962 63388 32182 56401 41218 59468 31334 9842 26969 56433 80222 28930 71921 4339 63233 66935 26122
8834 19
32461 66250 33122 27790 94079 57592 69488 15140 94166 20112 24810 29971 17043 47838 47536 27208 73288 28952 80124
1812 19
86931 89310 66766 81393 89741 38890 52496 85113 40192 52135 97811 78892 90159 54479 87679 53322 78702 26813 87752
6408 19
7013 75829 26662 88726 28955 96312 89199 68047 35842 71706 95538 72073 67157 96625 20727 75512 93948 45766 1689
4370 17
57183 25061 91607 23030 94253 8162 66397 48455 39013 25775 71257 31970 9816 1599 33834 49685 30551
7709 18
80735 28069 99195 6194 71892 17174 78733 69407 91415 88615 56021 23021 53259 58854 37972 67654 24499 70512
4646 19
20136 8376 99991 61592 36223 37218 47445 64540 30050 89107 74853 89958 94651 73883 57217 87555 52237 21572 61007
803 18
87528 13551 64953 53927 50810 70093 80392 28304 46309 39931 38793 8554 67839 31818 90712 16274 97193 81940
1267 18
66432 30878 39525 91226 13994 5885 34469 9453 67886 592 40834 17825 96082 2829 82685 9506 62486 90776
8679 17
72708 11756 31354 53446 72105 95335 84389 80923 22541 9977 69152 8456 32609 91990 59905 80286 4751
171 16
19756 98551 46997 76712 8249 6770 14190 83172 93834 1041 96480 25686 33601 77844 28062 52473
4532 19
30403 64100 9004 93917 92526 46561 72658 69266 97706 27178 91673 35619 41083 2569 15673 71134 5467 92946 42493
8696 19
86267 17085 82092 2284 82577 5076 87902 45104 77630 42488 65791 38304 3876 94634 24855 89554 44776 78115 66416
2744 16
41856 99992 7258 75924 6212 80671 74915 27767 70036 76984 3770 77233 65437 81872 76142 86521
7484 19
6999 1233 80159 35042 33011 89053 83090 97413 13048 27513 31262 499 24604 62288 51693 30428 68859 94567 33899
3510 18
52262 52146 66759 8295 41995 29336 51274 91384 49428 27346 80496 8613 86567 37238 48068 82659 65724 27233
2995 17
52134 30414 57138 84242 21413 18246 34544 19577 5441 63121 30202 9318 5274 19261 1247 74081 43436
9242 18
33400 26479 86748 1941 37102 6430 78355 74072 29313 31590 3638 49420 42919 21470 54825 10725 37862 89260
3069 15
25563 76490 96849 43919 2904 45787 65572 8143 92895 1388 34797 13607 44352 9878 50189
1972 18
70806 32969 74510 81506 78442 65305 32437 65662 59595 23587 11627 47295 79347 1204 78954 35132 33606 29462
3764 19
51167 86064 76664 69583 56429 71135 33508 85103 4642 60792 75741 60695 6181 84960 95518 6290 26712 69806 89748
3038 19
83715 39175 87299 54771 85081 15116 15187 78023 6021 6670 42724 54995 39108 77961 87132 77621 88556 74535 35781
2664 18
57976 65434 47589 96111 73448 31295 69525 52093 47150 39531 30059 60287 70202 57718 73485 80596 91693 84514
7390 18
5640 915 4670 35745 14019 12894 33598 55874 20872 50256 6378 69405 18160 27509 54236 32183 83525 35471
6977 16
32393 66128 34286 97203 70449 1942 99006 17293 26326 71114 70124 16614 48057 99975 75975 50143
2560 18
98687 12033 30532 42077 9355 61536 23625 50332 36243 3919 53012 54891 87694 47585 47035 90653 57157 46678
7988 18
92503 73737 54800 99324 73639 11809 56908 52276 77953 60842 71914 78125 38340 99652 56061 74963 6005 29220
1692 18
56466 93935 75801 87509 45606 12711 56858 93036 17111 68516 19384 97683 13679 36480 51199 3721 44581 1643
2140 18
49034 1216 33375 31007 32349 96257 68277 92186 21656 53975 48255 74569 44281 16729 99635 61889 11014 34067
243 19
22596 91767 43824 67052 85694 8039 34016 33857 48340 66764 25516 28617 4157 90322 40821 14463 3667 81411 19979
8228 18
83349 701 53566 80453 64359 88239 9793 95529 30958 93087 28481 6329 85326 48211 36546 48280 16412 71316
1670 19
7834 68278 3253 16775 68138 76288 56610 23129 51718 74694 38845 1764 4625 71716 2236 3093 63980 93037 68239
5878 18
59590 69799 37761 9243 54676 44649 3227 560 26382 84287 98054 66952 24235 76678 40835 31596 77185 99054
6094 19
71778 53451 95557 40450 23926 38025 67491 90979 95466 63342 88227 98301 75071 72589 221 72426 94923 60997 71611
4241 18
32512 64581 39604 66206 5812 11817 28901 16678 62174 87208 69432 72229 94093 22983 23074 57750 80956 65406
4433 19
84020 51197 38711 12864 51203 27731 43036 68362 54230 53097 19352 10802 94976 46541 64294 29276 63561 66372 23365
9636 18
8473 27211 3261 94382 52435 97065 74739 7273 22875 4076 66300 13836 77358 81091 85429 26596 14039 45399
1132 19
47465 13228 12537 71646 51733 84502 32146 21363 105 21533 93410 91957 33770 58438 42644 88903 48298 54808 40655
9060 18
28418 21954 47744 39421 75184 15588 91847 3631 49125 30539 85768 2832 17460 51498 32288 82115 73534 78524
7557 19
89518 61791 21062 86238 14456 31895 56578 82235 45739 4837 6468 39949 90708 38895 75834 98991 71193 23140 31883
5294 19
93228 87435 93883 42723 80627 24523 77661 99504 28350 78911 95852 48322 22848 98765 78899 48438 35912 16698 22139
2762 19
41582 80991 64889 97191 91667 98228 51939 64425 79870 41243 11579 5100 46548 64328 25305 88859 97493 60104 61888
