207
9732 19
45457 70399 46395 16150 50564 27469 23745 25547 68587 59657 14832 34279 5122 23923 21619 97489 30621 91031 97694
6112 19
21317 13248 96465 31668 61716 27539 87586 47382 71160 95625 6901 86659 93072 54018 95722 78666 1051 40142 57834
8408 19
4098 23569 3312 23584 35896 27938 47632 63077 82975 22006 69966 40222 16222 5279 9756 37821 13455 31076 46750
2631 20
91910 95646 49839 86463 63405 41551 27196 72613 51443 72913 28844 39248 46628 98470 11334 48846 92325 65968 30747 53154
1478 20
11030 70272 16091 29280 94114 21990 31959 81910 29736 59763 16541 94760 88154 44076 95287 3165 40915 56764 99281 89956
1764 19
48550 20779 65781 47404 54107 13065 56758 14379 65649 44025 12587 64281 21325 14640 12597 56196 77315 56985 11406
4255 20
4701 80831 26711 77860 30433 72649 43634 67242 56287 81866 86341 96564 86820 49819 86205 63616 36939 82795 99761 64636
3597 20
26650 73670 43268 90342 40462 44464 95110 82493 30212 76133 90138 10118 37962 12667 55285 11413 59146 84345 43181 15572
5294 20
93228 14456 87435 93883 42723 80627 24523 77661 99504 28350 78911 95852 48322 22848 98765 78899 48438 35912 16698 22139
1670 20
7834 68278 3253 16775 68138 76288 56610 23129 51718 9793 74694 38845 1764 4625 71716 2236 3093 63980 93037 68239
5172 20
51447 863 6742 40985 52564 52269 5955 22553 8430 67828 17102 4624 45727 24432 57499 32583 70466 78612 71104 57587
1401 20
63672 41249 85309 32087 63603 33765 650 77727 40839 36831 4430 25313 21662 10209 99567 35776 59882 89744 18325 88283
5065 19
71471 3096 311 99758 75917 89812 32542 9950 99038 28703 69453 62380 6870 71880 20130 40458 28614 63892 77520
4271 20
68113 26395 29450 71604 12340 61454 24347 43577 28379 18754 34348 86717 44465 11583 20987 16292 48279 49633 1111 54256
1542 20
2698 37154 50781 35572 20852 25437 86246 41059 57961 41041 43483 48422 91068 47800 53326 32276 46442 74937 23501 88883
9582 20
72460 91380 49047 75325 84645 80930 18295 57117 65333 15781 25539 72058 68781 76051 62732 79771 82593 38096 26027 71517
2595 20
14294 47277 4574 85163 37988 99774 56102 53077 68600 24051 74434 6211 7402 58789 32210 89403 21527 65394 43589 20237
2829 19
27028 77091 9546 85080 91369 85274 97508 56084 52043 74154 82823 91436 13207 97725 8252 96141 85013 41562 60182
6910 20
10629 74100 24360 34096 15432 68231 29904 79901 30148 1461 92039 42546 77514 29866 59656 72794 84035 1819 15916 83844
1959 20
6488 26841 30904 33065 2558 30360 58849 65440 92586 37814 15504 37462 80465 8816 22070 26926 79779 78377 40740 66986
7197 19
35493 57825 23852 37221 60373 70548 85002 47711 22905 17486 32052 57881 40527 33752 79354 50884 9789 45087 29183
5287 20
28737 27536 7137 84768 74984 61540 10141 85930 80276 25386 3206 45300 6389 70320 69034 78017 8987 25182 3028 74627
2935 19
13418 29005 63695 94414 37879 68413 89879 84668 91478 34047 14544 89387 37916 44126 1992 34906 7784 79361 75105
8696 20
86267 17085 82092 2284 82577 5076 87902 45104 77630 42488 65791 38304 3876 35619 94634 24855 89554 44776 78115 66416
7339 20
56101 95078 99861 77692 47960 32405 29228 29480 53848 18156 32093 37395 50903 2107 27500 28568 43162 78398 72783 5671
3169 20
39686 47381 27517 91815 88523 27591 14258 97013 68833 61712 45464 28600 51699 83548 55535 21040 32833 21488 50325 81404
9487 20
54543 72923 24335 2958 98040 35812 76083 32950 62805 75389 9282 26750 30970 64606 75819 42850 52169 6038 32426 32525
1598 19
38745 57788 10902 13254 11831 79514 9729 30557 76495 81280 56326 34493 93254 38763 11607 51557 17390 3331 64519
9692 17
38246 991 44492 12574 59362 45235 94674 95232 70740 4046 89000 90107 49181 10196 53196 6893 17138
9806 20
27565 3034 45685 23799 25166 90405 7833 66792 75753 17347 48636 91531 32539 51194 66069 63040 5999 49240 26491 5897
7901 19
57998 88339 10970 51089 83517 83308 80845 16893 18318 72008 46423 88594 99186 57830 2992 58602 29395 29644 26579
7815 19
35113 21168 79735 5927 90067 69558 29279 82861 6691 43089 83165 65395 47844 13176 48124 99502 56576 9755 90719
1424 19
88949 88912 82775 75658 37377 75603 43196 74316 503 32595 18512 70030 88092 62620 5751 35687 78366 60367 76808
3177 20
87898 53291 41280 95194 8418 47795 3463 11779 70659 42259 6937 20571 35387 61995 3862 36917 72611 95748 22071 77499
3454 19
61351 31384 84783 79703 4898 19732 65362 52330 55062 7321 34871 32422 65309 9148 68136 98346 65778 19304 65984
2493 20
32355 63953 43399 39918 58246 76814 4729 33432 95617 79579 57871 40108 15829 42085 33551 74389 83473 48818 35806 8519
9294 20
48181 7009 57516 37909 87581 33522 23597 42080 37479 57295 16973 68640 89243 54341 96726 59429 747 72711 97076 42870
1750 20
11023 91723 10305 68603 28733 84480 44587 80077 54370 3419 70715 41618 62902 91749 74833 7149 64392 18814 97517 68908
2643 20
38170 92516 31813 55530 571 92984 46099 48641 70175 60587 88998 60965 72861 27112 16944 19499 14964 47714 72542 47531
8407 17
43528 71975 35536 24530 29682 90837 58976 36215 32342 61032 71533 73812 1674 553 13322 53003 49023
4630 20
43959 84525 7100 94786 82768 28823 84719 29479 54033 47610 79817 91356 66660 67946 57171 69243 368 48216 7177 72945
904 17
28012 86297 16486 97527 53568 31208 37057 44808 71323 7538 96928 62617 90569 26397 1135 24713 64466
3120 20
3756 41195 92494 72215 63599 74725 45779 85769 81665 99902 80761 86000 95577 89957 75149 82105 16260 70284 54200 807
2644 20
25465 8260 43777 4356 53516 86827 76246 91944 35291 35476 27945 84739 45494 86734 6193 57696 45568 25096 21544 45285
661 20
46618 41272 32402 87312 15297 44823 83190 9112 66405 50977 77606 5110 48941 15973 26557 49350 25973 31489 55860 86001
2995 18
52134 30414 57138 52146 84242 21413 18246 34544 19577 5441 63121 30202 9318 5274 19261 1247 74081 43436
4401 17
91057 89240 66987 176 92631 53624 10694 40054 8449 55517 2498 55061 96546 13369 90009 12535 27963
7358 20
6016 65619 65508 51487 36550 41726 59605 88944 45114 63957 34122 81543 46203 34271 8226 67570 46729 81897 30585 47834
1133 20
22869 89093 80544 6023 48670 21741 41188 50898 24559 84375 28103 4635 35861 20269 23045 87020 23940 41625 67618 20708
8046 20
80588 53710 53756 89532 16932 35624 67877 59572 9462 13731 47686 48638 70753 70965 93679 51652 23451 52846 1801 19009
2560 19
98687 12033 30532 42077 9355 61536 34286 23625 50332 36243 3919 53012 54891 87694 47585 47035 90653 57157 46678
3928 20
67684 98055 41979 49155 27612 45529 15018 1040 94388 88388 81414 79929 30902 20790 75480 99984 11109 36372 76960 32229
5763 20
95236 78572 66230 76502 59160 26444 25576 24823 86642 75194 59364 37166 69478 53371 66108 94605 68800 71306 53009 63137
1364 20
78179 67215 6637 53457 43337 83629 36175 35016 18075 46785 50191 13278 5480 16602 95115 7442 61473 22118 9703 31631
9029 19
15282 67865 8174 21238 67385 15325 73968 90513 93249 9474 54927 86492 15784 63312 76134 87109 26710 16128 14741
5621 19
3209 59919 12746 78307 94534 60026 32620 91081 27127 19098 45934 14822 56717 52140 28194 7845 4633 34928 80098
4139 19
42697 37278 56378 29502 99384 31040 15677 81556 31160 58217 30583 88407 66706 4532 49140 17427 22546 98735 54109
1606 19
443 22806 16695 60313 81083 5223 73298 74681 93400 82204 89988 70198 70712 70957 81745 14572 87052 95307 92791
3015 20
4840 45619 56574 32227 44696 57506 34244 50932 61320 12014 34807 94206 55366 59103 60802 62459 10788 84758 45093 18432
1949 20
2883 41367 99686 18968 7767 29512 98832 63589 46254 5658 82966 52845 77607 75188 21318 1416 24096 99572 71256 96757
4188 20
55107 74653 40737 9776 95029 3949 53254 61376 65716 78967 61295 49469 42996 78816 9443 4685 24790 98086 48855 94512
6727 19
3037 33345 68367 46683 62815 33423 35650 89985 27475 71129 99493 99419 20419 169 9975 9678 53500 751 89031
5311 19
37385 73422 31674 27 26765 47594 75001 81510 85283 82953 71301 76763 41168 40337 66267 5980 56186 52285 88308
4513 20
5672 11304 52031 40848 38189 4090 47890 38479 88072 71928 48415 63081 38979 60048 28662 49050 85018 60769 22984 77628
251 20
28038 36245 68948 2436 30613 43465 96369 49704 80354 380 42139 51726 56930 42849 88034 41394 6156 30980 16364 36247
9530 19
3782 72234 46332 8645 71665 59229 65930 91234 71577 18334 3263 83438 70247 84206 78919 5518 27657 94433 30646
5073 19
48921 40888 45208 73007 36875 92389 68016 46035 30100 1651 86595 70780 1600 54000 21584 61732 41490 17662 10573
3340 18
76201 33191 54815 96673 77225 8177 66710 31484 7453 82696 45755 46621 37866 23964 64382 34884 89643 1489
9717 20
24005 89528 49619 34430 31011 85268 54700 36358 8818 17131 10492 53060 71094 80175 83029 17668 80746 31613 87353 81030
9619 19
22074 4945 93670 99231 8715 41545 63514 33053 89384 67923 16869 66905 97570 53603 94054 59750 81817 71889 74864
9242 19
52262 33400 26479 86748 1941 37102 6430 78355 74072 29313 31590 3638 49420 42919 21470 54825 10725 37862 89260
4275 20
93416 86091 2809 86342 32042 99148 60857 46631 80800 98905 80892 92110 21220 39744 47970 71821 4338 70417 95189 63686
9805 20
77204 53462 205 30928 3203 85938 30299 69928 60084 82251 61658 57977 34639 64975 25462 20438 55021 63350 23730 54566
2611 19
42207 52184 72537 2252 70329 29626 2013 20784 30014 97483 85641 35787 55573 46689 57813 29310 20379 71017 75980
7219 17
10232 10771 80035 8046 95844 83244 79025 65577 56374 30095 6933 99905 52610 61498 81402 46688 76261
5928 20
46283 71629 2104 58003 89660 6800 73704 92971 9901 16327 30727 6437 70381 89184 98020 82890 48786 42070 93169 58680
6008 20
24401 65795 43410 84551 60417 5250 29348 79165 14507 29920 49132 96729 36282 80558 11410 87851 34879 45867 34661 54791
8385 19
62862 69228 99595 47878 8231 44086 22621 42303 12131 75733 17066 10972 88746 74830 42967 41505 98942 48764 50374
2054 20
64013 93387 94677 45711 2201 80293 85047 78287 57039 6185 92636 64706 15150 38213 27668 1710 78222 91659 44097 59767
5057 18
27485 10394 69573 56288 98302 37004 56493 26128 27927 52320 35107 92737 37723 30101 54671 20724 91836 51615
5006 19
39830 30427 50106 54828 53649 35815 21514 91079 54408 25614 6050 12938 46101 68314 95257 76702 57867 64415 18289
349 20
71808 93253 99807 83215 49971 92378 55168 10212 20469 56492 45706 97265 18167 17897 73350 87536 64201 59352 39545 34171
6134 20
14464 93362 8314 59575 20223 28511 46847 21341 16441 84770 17304 15983 72197 88845 53746 3 83989 54442 15130 58272
976 20
84913 70061 89648 92649 7768 3485 61758 84408 78129 20915 3121 25452 1581 96395 69105 61575 27399 40726 2565 79713
8834 20
32461 66250 33122 27790 94079 57592 69488 15140 94166 20112 24810 29971 17043 47838 47536 27208 26969 73288 28952 80124
1537 20
42729 61374 83836 17099 69114 12074 74527 48693 10681 91907 2729 6451 72268 97801 37321 54007 33275 86409 87307 77438
9937 20
65351 19533 93171 16797 67641 93406 33274 80087 80626 86547 73695 23664 32255 66338 93635 55483 64210 8300 71638 27017
417 20
95889 35858 15324 66048 67351 24763 94957 96586 1989 6910 10368 54617 47041 275 60189 99685 93582 23860 42052 53611
4433 20
84020 66206 51197 38711 12864 51203 27731 43036 68362 54230 53097 19352 10802 94976 46541 64294 29276 63561 66372 23365
6193 20
75383 81647 80380 30943 60882 36402 46958 91125 14845 48885 8650 9104 90838 39912 3566 99532 5896 86553 6591 35872
6832 19
39171 18282 91032 25371 17907 86543 99670 26356 935 80719 20256 25364 44438 65767 72490 59365 96968 22132 83082
7218 20
53763 58235 19101 7404 41014 67526 10604 9385 32922 68180 91340 45458 75619 49821 51664 46565 17868 88476 21624 42873
7834 19
8043 15667 58700 42104 19199 5965 60732 34715 35584 7810 54148 46790 51735 63472 49481 17644 28688 43920 66811
5053 19
93391 10965 56682 93125 73720 59378 45636 25811 97335 97862 37442 59427 25989 19673 39551 11913 95967 63193 47759
5337 19
25542 91595 89116 39789 34927 21581 24497 64465 62762 76649 64741 672 35646 73977 89207 44852 83241 85424 78638
6247 19
82602 97839 87397 80219 16436 39781 43826 23903 87127 84919 17357 13773 1016 1267 68930 93861 57766 52998 9586
2929 17
44911 136 35499 27465 46862 21993 30469 27023 43243 70385 91547 81535 38703 54481 87204 58328 38518
9647 19
95318 14951 77077 35547 46419 25354 3723 69201 24037 15121 47109 29392 93830 25514 22523 6639 20992 36307 36874
8301 20
33035 79257 94550 59243 44378 86813 25209 80421 42833 60520 79564 23887 77553 73315 68204 91618 77403 93091 8668 56580
2442 20
40660 9663 4533 48214 48981 72868 98604 62385 27609 31444 25730 69852 48399 16842 16400 99505 96549 84503 73543 58775
6017 19
80407 46107 81823 90235 99549 908 23138 36596 47062 44017 24947 96869 97607 76080 99079 13927 27909 76518 90217
4413 20
20941 14730 91694 46770 37650 57058 10327 18639 3122 84151 49728 68090 28378 66666 32534 7199 20025 59260 7762 86589
5239 20
31060 85295 99630 84346 77815 32705 72887 48604 84253 60645 98401 60165 93034 84030 40472 77922 20909 78457 96215 77807
2468 19
44075 58943 97638 71515 55111 58641 50910 48757 76499 92160 64188 4270 67246 15132 59586 22455 82367 75860 6745
2664 19
57976 65434 47589 96111 73448 31295 69525 52093 47150 39531 30059 60287 70202 54995 57718 73485 80596 91693 84514
2384 19
75040 66377 72828 92352 28226 32593 47168 40514 83871 89392 65527 74373 15032 52570 84077 6258 34763 40138 44035
6836 20
76334 34777 11927 35649 8810 7098 46021 73748 13539 43887 20434 9803 43972 44567 39964 63685 2475 47880 16538 60963
1561 18
90433 25619 71237 92126 9880 58267 37006 16984 87458 53032 37612 27889 16710 92091 30326 5669 38789 18027
7541 18
9812 90316 5324 36777 13215 36106 20145 52966 39512 89555 19940 67202 83579 93685 38348 86275 11479 83095
8472 20
42883 46723 27105 96632 74540 96439 15709 99210 47754 37818 52642 71149 78122 28863 88166 31206 42765 87231 40905 1120
2830 19
81508 62515 74125 3571 73779 85802 2816 22923 24754 2023 65030 93477 27169 52506 50999 69904 11521 66058 43765
7389 18
24479 50251 52922 28797 7893 55750 57523 6141 18996 73191 43180 77292 23459 8061 19237 96539 65733 88532
9269 20
86757 26347 26592 20210 59944 29253 57458 76753 96352 23676 17441 37052 16975 19235 50815 23128 93686 95977 9353 22497
8736 20
21646 60008 350 90079 69455 33504 24446 16084 33706 5591 94262 38512 49650 8865 25964 11859 80692 85576 66827 51427
8750 18
88161 83312 44610 7264 51553 87766 58401 74777 34853 56668 9468 92134 22364 31847 62683 49185 38092 32270
19 20
53043 50289 2596 59697 33832 15417 82303 77516 53181 34109 54031 289 45938 57153 62074 31923 41297 84320 10987 84845
7988 19
92503 73737 54800 99324 73639 11809 56908 52276 77953 60842 71914 78125 38340 99652 56061 50143 74963 6005 29220
8839 19
66404 25978 79479 11548 61444 80409 48420 4964 81713 13780 62467 76776 25692 93992 24954 73517 15830 17418 30601
7484 20
6999 1233 80159 35042 33011 89053 83090 97413 13048 27513 31262 74915 499 24604 62288 51693 30428 68859 94567 33899
5469 18
5116 94990 53581 28439 81175 90219 41959 34624 80793 95665 71115 24373 65340 66309 66396 6240 71779 61342
6185 19
64503 26521 13777 80553 50605 4259 47875 53631 39140 94908 92901 10957 88182 1550 81670 43886 49168 75533 85140
7287 18
31373 35538 73935 56179 12943 9724 31985 47716 53773 70999 75752 67875 35972 41289 84244 51665 91452 18785
7709 19
80735 28069 99195 6194 71892 17174 78733 69407 91415 88615 9816 56021 23021 53259 58854 37972 67654 24499 70512
7072 19
3659 90714 72820 96718 17708 23931 26289 95521 39286 95736 96889 23190 14344 60880 52746 80706 28666 73842 97556
1465 20
82355 81711 19036 52286 90912 45149 50666 78843 29361 7543 6159 44199 30721 18009 33539 10613 71796 96 74811 38758
2922 20
76311 19408 62828 72305 32682 26814 53663 40862 33208 42405 51794 16526 30076 45653 72829 87058 75524 33656 9446 88220
9618 19
82354 9983 2458 89076 84855 98375 4238 69299 94777 33397 62769 50619 59376 44304 25482 22615 98974 62320 8646
8922 20
50624 96594 89647 65981 67842 84996 42017 39595 44118 54162 66324 77920 81571 18982 21587 65273 85397 20304 3565 41981
9836 20
72558 85288 64956 32683 15151 54368 93608 34747 37094 84746 78858 86374 49563 92220 63244 65991 79991 46523 10156 32046
1262 19
60418 63823 89597 91993 89874 99440 37217 59548 12010 4865 28974 21917 52936 81930 15082 93039 97293 76659 91379
5280 19
85492 23202 43188 33324 40099 82615 25926 40635 61687 18672 79446 74762 85419 24160 54599 20382 7245 59088 13124
972 20
41005 35199 42783 2389 17859 90445 67061 15185 27474 22442 47495 2497 23737 60423 55508 43377 16153 71103 67802 54586
8884 18
63572 94654 68993 55880 11645 36919 59177 42053 90230 82713 6991 67226 12151 3550 96767 26684 22326 20310
875 18
83367 16430 34973 66502 50280 76351 18696 69768 58702 19725 24063 22879 23244 45012 7369 31777 1076 25801
9636 19
8473 27211 3261 94382 52435 11817 97065 74739 7273 22875 4076 66300 13836 77358 81091 85429 26596 14039 45399
1215 19
74238 72157 31267 78323 93761 87296 3191 67496 38052 32697 66450 92420 72463 51428 4878 11905 38005 76553 28288
7380 20
12342 2230 86398 49526 38921 93267 35840 91080 87971 60172 82460 86337 31465 77412 20947 37914 64757 60646 28082 90981
5639 20
93994 24597 37394 3492 80119 83004 35423 54255 48368 18113 36910 6993 56052 98037 5820 47904 10915 34598 9399 40505
2596 18
62448 8770 81132 85984 99463 13673 61967 39432 99555 76435 27542 77235 7317 34838 55132 27348 92388 89768
9985 19
44342 81477 18118 27065 57997 5474 46976 43277 86708 4521 95315 31641 39791 13262 81469 71651 94829 35989 352
333 20
66274 56312 2253 98009 77281 56452 43130 28898 65703 66077 22979 629 83552 26728 42018 17375 85210 14167 16094 54340
9277 19
1677 26618 61344 69537 32901 76296 82049 16941 85535 24431 4990 1404 71851 98478 75269 95698 17950 8730 52765
6468 20
45359 12308 38772 33024 81275 3664 43956 6743 93445 52653 2730 15038 68680 5418 29476 84678 60710 85490 70998 39842
1586 18
30002 72033 59150 5425 91872 75129 6839 9184 37911 98168 79629 70460 45853 99143 42446 64819 46358 81029
3445 20
51247 42696 96884 86625 61680 67596 34801 4892 81792 64997 21852 33382 66283 44515 38675 54121 4035 37423 27253 85296
2666 17
18220 4386 15898 25484 55114 24085 33667 60452 26796 53405 88819 76598 86730 78768 77976 95190 29143
6258 20
18166 40405 39742 79538 52036 4743 78186 18399 89297 49500 91261 64880 99517 1626 80381 2681 61990 86338 6905 56382
1692 19
56466 26326 93935 75801 87509 45606 12711 56858 93036 17111 68516 19384 97683 13679 36480 51199 3721 44581 1643
6715 18
3598 96008 67956 75926 35878 49510 9544 94724 1147 70288 21077 34769 26822 98111 69349 95314 68116 92033
1725 19
83255 19198 96309 64105 23399 37583 72812 83499 73196 58216 74978 51028 47814 47773 21222 98779 20639 75688 11418
7793 19
71042 76578 76605 72487 72328 32793 61304 94310 73878 64014 31285 32914 74441 45180 58735 20711 19140 18067 85846
7050 20
45019 13613 35575 84806 85014 40683 11958 63853 41269 53270 37230 37315 21397 66657 39815 6540 54619 57452 79055 34199
9359 19
13330 68912 16230 73996 27446 64099 81348 82061 72169 34050 76616 35104 50397 3917 89808 25878 8847 1087 63696
8405 20
4455 17767 27052 62327 11318 55744 8937 85493 23404 15557 35887 2869 94531 14680 75782 54822 21434 29265 70616 86386
9847 20
81346 37905 67470 96190 83562 34886 76930 11764 51583 53569 85170 83320 31148 98774 90236 40102 49572 86436 25360 42249
9060 19
28418 21954 47744 39421 75184 15588 91847 3631 49125 30539 85768 2832 58438 17460 51498 32288 82115 73534 78524
6350 20
93115 88930 12098 91967 81013 29897 13595 91017 90683 28244 51631 48297 29478 77825 95651 95079 80162 85008 74719 22137
9695 18
29084 35482 93660 41934 47087 7619 20718 21064 27191 90790 15416 17474 74651 45783 65462 84490 53855 24698
6408 20
7013 75829 26662 88726 28955 96312 89199 68047 35842 71706 95538 72073 97811 67157 96625 20727 75512 93948 45766 1689
9980 19
67749 27823 18809 7725 54620 65687 75845 90109 71117 26187 65284 64647 13131 678 62181 95073 93626 76719 29629
165 19
78531 81958 82111 71402 70232 77458 33518 91426 78600 29967 88798 51720 77356 57068 56855 6338 37089 28355 76135
532 18
83846 4761 9513 50729 91636 79778 28371 40565 41915 86400 75534 78986 89500 55620 22798 44285 92286 67734
9221 19
70487 93774 90500 52725 67088 88738 76388 88825 84026 19985 86722 29873 26344 24514 8245 25306 57012 83297 74554
6550 19
85050 10051 57286 93066 97857 49892 97138 65313 12759 11530 80912 16395 31067 33058 63103 57527 35700 7958 94970
8531 20
47191 179 36051 52444 36364 87376 51681 76901 81979 31881 64312 65222 95539 63130 30210 1931 45256 29678 18210 98543
6588 20
19537 36766 1988 37636 75995 7618 47631 88210 49067 98341 38766 42352 50809 75758 50826 48982 82960 66794 60125 2159
3301 20
4023 31788 35755 71697 19556 87044 17449 2972 38908 40547 96993 19561 4947 89106 16442 8738 92476 1990 70229 25109
2253 20
41436 15369 92577 15113 89202 96855 225 40755 73192 37203 43078 77523 71521 16297 89178 16480 55119 97419 25107 47500
415 20
38207 81386 35379 32142 61405 23893 20048 4159 54775 33165 51182 48942 16613 51525 35870 5888 31832 89686 14555 27588
5036 19
35359 18083 39903 40914 45519 58639 13524 13644 77929 46328 9900 85664 579 30645 53126 92696 29604 39032 52674
1065 19
87160 93966 50281 77947 78289 9836 73016 76483 9015 54970 36080 88148 56400 33295 28543 91882 95946 39346 59899
243 20
22596 91767 43824 67052 85694 8039 34016 33857 48340 66764 25516 28617 4157 27509 90322 40821 14463 3667 81411 19979
4172 20
61291 64796 9431 73170 11279 34144 37227 25870 76277 87093 95094 67135 24224 24564 76947 89841 1809 93456 375 81230
3240 19
70624 60493 59117 41151 75140 88967 2140 12530 58788 66073 48404 40965 31503 63771 28472 24970 31252 3239 95905
6718 20
76171 38427 1672 48788 22505 45002 14462 25050 65227 84004 5870 90174 21013 46024 86973 11486 6306 49208 73545 90812
6688 20
36135 92751 31499 91244 91570 31119 79150 81121 9103 22578 64789 83085 31997 90381 61095 94490 49367 55025 89247 82872
5883 18
39790 7641 4846 83191 5749 43798 87478 68537 31854 52764 84184 64138 16870 97060 85585 46693 30065 36814
1946 19
37602 39379 61933 93984 70491 6934 34940 26043 16007 18216 43211 45740 72024 81283 94057 59859 5055 70889 94673
3313 19
21240 69247 78315 12670 15087 27145 39101 15393 16056 29810 61534 54001 76838 27001 29372 97791 13500 55400 86764
1418 20
76713 37168 41546 49730 40677 84881 76551 55364 70987 20226 80455 90864 26719 45974 56241 5959 16675 56066 36158 48647
4024 19
74750 25713 47185 70994 67415 97843 88984 96867 61395 56000 56147 40333 71113 7872 85138 71537 74278 67597 62073
8964 20
83880 43860 93683 76338 53561 17605 75538 9673 15675 9849 35362 96959 64755 97490 80136 88448 31142 4600 80145 58163
2392 19
48016 42608 24706 19690 5874 49985 49173 95757 61279 9482 62322 50451 45798 27503 38070 61950 20247 13110 60584
4040 20
66779 52041 34899 8867 22430 99214 82759 45873 26095 65694 11924 98640 12231 21499 14432 89659 63898 96219 67458 30424
6937 20
96138 44769 26012 85692 62072 90470 63659 20272 2814 47247 33859 6552 80846 60107 62652 15426 97743 36164 89923 64550
2495 20
22049 26985 75157 14896 86643 98988 66336 1722 27764 65060 92082 86359 76494 48434 65423 36009 47549 45994 68844 4707
6236 20
88550 72514 37495 67257 89336 74537 6736 49075 31748 26472 95663 43916 85494 46152 89773 21997 23755 71100 89011 97316
2708 20
56282 28024 46311 64931 43114 14008 57484 83932 96552 74184 75651 58419 39506 37677 42940 96343 82422 34517 14779 73774
5371 20
27757 44981 70107 62941 92326 59805 67048 13317 30254 92824 6973 19200 16987 64207 148 49611 17832 76146 88714 36848
1841 20
6586 57389 84061 8138 90937 10323 92269 76892 77503 9497 3036 89534 21689 2761 47022 99961 95102 31189 66478 37199
7485 20
83709 97948 23497 62708 93074 12622 36115 11459 17261 91006 26815 78824 45375 92488 74992 75863 1530 24630 66322 71957
1356 20
89796 74656 40507 77787 83283 52190 66975 63860 73445 61543 7850 70779 15920 57786 13975 56979 98328 49706 74453 1718
1071 20
15724 54740 6887 51129 72878 63642 95206 95444 69803 37300 93264 32627 40591 24067 71649 18563 6476 58381 16958 95131
8903 20
25647 78859 36675 99759 27919 32021 97455 57029 41038 68033 57343 89694 97548 15826 18017 72762 34201 85260 2106 23782
6370 20
25601 427 33734 40362 60385 32566 84683 88380 43840 34253 93870 93433 46583 18097 3501 37690 94898 48312 91160 32239
5628 18
60959 19434 37945 70848 20184 77697 49668 62968 98738 42200 56090 93725 2466 65848 50978 65347 70865 42494
7637 19
13345 57007 97166 72436 11312 28763 63221 64449 48679 63042 55467 90300 14319 44301 81221 76630 81661 3599 8429
1708 19
13969 35718 63266 73555 55210 16336 30026 67395 7109 47750 97263 93112 85474 5363 45679 79508 30200 30138 42746
6217 19
39143 13626 3693 48716 21660 85806 76904 42311 12635 31558 94618 45158 69296 24966 26532 35640 11473 23486 67029
6132 20
22965 72999 3129 7367 99616 98166 35404 86473 70814 78304 51697 24486 91995 53964 31414 26482 49399 82418 31537 70159
3050 15
77035 55851 50044 31709 20053 57053 63291 69020 7507 20139 80440 41617 89911 17096 14042
1008 18
27777 57938 52669 56557 84098 65480 49419 46188 51508 95842 31576 96445 2818 13092 78515 16964 27054 78428
4871 20
83073 68337 17164 920 50357 79041 55914 10014 42134 11543 2030 66996 98377 17652 72701 12492 29616 18945 52743 58146
1379 19
18061 70157 94194 91675 99303 6759 40691 50975 26558 79392 30402 29568 5584 50974 13597 54450 33885 35731 98744
7533 19
12511 37097 43403 32632 43745 69426 50358 52024 22825 95154 87845 46742 70435 61163 45926 20309 54296 49380 52756
1766 19
12421 75696 79777 74387 93776 61094 72289 53596 50775 77826 6660 75892 81273 52409 69757 554 24458 13224 67168
1551 18
57630 34746 37223 9404 44066 56068 4790 51535 12481 57225 41567 97317 88606 68416 8504 60973 2684 21609
